fold2
Reais: 5253
Preditas: 5414
Acertos: 4656
Prec: 0.8599926117473218
Rev: 0.8863506567675614
Fmeasure: 0.8729727196025124


PrecisionMean: 0.8599926117473218
RecallMean: 0.8863506567675614
Fmeasure: 0.8729727196025124
