fold2
Reais: 5253
Preditas: 5159
Acertos: 3959
Prec: 0.7673967823221555
Rev: 0.7536645726251666
Fmeasure: 0.760468689973108


PrecisionMean: 0.7673967823221555
RecallMean: 0.7536645726251666
Fmeasure: 0.760468689973108
