fold1
Reais: 47199
Preditas: 42263
Acertos: 30862
Prec: 0.7302368501999384
Rev: 0.6538697853768088
Fmeasure: 0.6899465694931926


PrecisionMean: 0.7302368501999384
RecallMean: 0.6538697853768088
Fmeasure: 0.6899465694931926
