fold1
Reais: 47199
Preditas: 47860
Acertos: 45335
Prec: 0.947241955704137
Rev: 0.9605076378736838
Fmeasure: 0.9538286748230046


PrecisionMean: 0.947241955704137
RecallMean: 0.9605076378736838
Fmeasure: 0.9538286748230046
