fold1
Reais: 47199
Preditas: 47663
Acertos: 34862
Prec: 0.7314268929777815
Rev: 0.7386173435877879
Fmeasure: 0.7350045329004238


PrecisionMean: 0.7314268929777815
RecallMean: 0.7386173435877879
Fmeasure: 0.7350045329004238
