fold1
Reais: 47199
Preditas: 49764
Acertos: 45362
Prec: 0.9115424805079978
Rev: 0.9610796838916079
Fmeasure: 0.9356558687334344


PrecisionMean: 0.9115424805079978
RecallMean: 0.9610796838916079
Fmeasure: 0.9356558687334344
